0 5
0 9
1 6
1 7
1 10
2 7
2 10
3 6
3 10
3 11
3 12
4 13
7 13
8 13
9 13
11 13
0 16
0 18
0 19
0 20
0 21
0 22
1 19
1 20
1 22
2 14
2 17
2 19
3 16
3 17
3 23
4 19
4 20
5 15
5 19
5 20
5 22
6 15
6 23
7 16
7 19
7 21
8 17
8 21
9 14
9 17
9 21
10 22
11 15
11 17
11 23
12 14
12 16
12 17
12 20
12 22
13 17
13 18
13 19
0 24
0 25
3 25
3 26
3 29
4 25
4 27
4 29
5 26
7 26
7 27
8 24
8 27
8 29
9 25
9 27
9 29
11 24
11 27
11 29
12 24
12 25
12 27
13 25
13 29
14 24
14 25
14 28
14 29
15 24
15 26
15 27
16 25
16 27
17 27
17 28
17 29
18 24
19 24
19 29
20 25
21 25
21 28
21 29
22 24
22 27
22 28
22 29
23 24
23 25
23 29
1 30
1 32
1 37
2 30
2 31
2 33
2 34
2 35
2 36
2 37
3 30
3 31
3 33
3 35
3 37
4 30
4 31
4 32
4 35
4 37
5 36
5 37
6 32
7 30
7 32
7 34
7 35
8 37
9 30
9 32
9 36
10 36
11 31
11 32
11 33
11 34
11 35
11 37
12 34
13 30
13 31
15 37
16 30
16 33
17 30
17 31
17 34
18 30
18 33
18 34
18 35
20 30
20 37
21 30
21 34
21 35
22 31
22 33
22 36
23 30
23 31
24 30
24 31
24 34
24 35
25 30
25 32
25 33
25 34
25 35
25 36
25 37
26 30
26 31
26 35
26 36
27 33
27 34
27 35
28 34
28 36
28 37
29 35
29 36
29 37
0 38
0 44
0 47
1 39
1 41
1 45
3 38
3 45
4 39
4 41
4 45
4 46
5 39
5 40
5 46
6 40
6 44
6 47
7 42
7 43
7 46
7 47
8 38
8 39
8 42
8 43
8 44
9 42
9 46
9 47
10 40
10 43
10 45
10 47
11 39
11 40
11 45
12 41
14 41
14 42
14 45
14 47
15 41
16 38
16 39
16 46
17 38
17 46
17 47
18 39
19 38
20 41
20 43
20 44
21 39
21 40
21 43
22 40
22 43
22 44
22 47
23 38
23 42
23 43
24 40
24 41
24 43
24 44
25 39
25 40
25 41
25 43
25 45
25 47
26 40
26 41
26 44
26 45
26 46
27 38
27 43
27 44
27 46
28 40
28 42
28 43
28 45
29 43
30 38
30 44
30 45
30 47
31 45
31 46
32 40
32 42
32 44
32 46
33 41
33 44
33 47
34 39
34 40
35 40
35 43
35 44
35 46
36 42
36 43
36 44
37 38
37 41
37 45
0 49
2 48
2 49
3 48
7 48
9 48
11 49
12 48
14 48
16 48
19 48
20 48
25 49
32 49
33 49
35 49
36 48
37 49
39 48
39 49
40 48
41 49
42 48
44 48
44 49
45 48
45 49
46 48
#
0 0
1 0
2 2
3 2
4 0
5 4
6 1
7 2
8 3
9 2
10 3
11 0
12 0
13 0
14 2
15 0
16 2
17 0
18 0
19 3
20 2
21 1
22 2
23 1
24 1
25 3
26 0
27 1
28 2
29 4
30 4
31 4
32 1
33 2
34 2
35 1
36 3
37 3
38 3
39 1
40 2
41 3
42 3
43 3
44 3
45 0
46 3
47 2
48 2
49 3
